10135	Allentown/Bethlehem/Easton 11.00 15.40 23.00
10141	Aberdeen 4.00 13.00 22.00
10155	Waco 4.00 26.22 74.00
10157	Arcata/Eureka 11.00 64.67 96.00
10185	Alexandria 1.00 15.63 55.00
10257	Albany 1.00 32.93 241.00
10279	Amarillo 1.00 32.32 95.00
10299	Anchorage 1.00 39.58 375.00
10397	Atlanta 1.00 33.40 653.00
10423	Austin 1.00 29.62 340.00
10431	Asheville 1.00 40.33 152.00
10469	Kalamazoo 1.00 54.63 122.00
10529	Hartford 1.00 32.93 293.00
10551	Bethel 9.00 9.00 9.00
10561	Bakersfield 3.00 43.92 141.00
10599	Birmingham 1.00 30.82 154.00
10627	Bismarck/Mandan 2.00 44.40 272.00
10631	Bemidji 2.00 3.00 4.00
10685	Bloomington/Normal 3.00 51.83 241.00
10693	Nashville 1.00 31.84 391.00
10713	Boise 1.00 27.88 122.00
10721	Boston 1.00 34.47 292.00
10731	Brunswick 1.00 94.00 187.00
10739	Brainerd 6.00 6.00 6.00
10747	Brownsville 6.00 22.50 51.00
10779	Butte 9.00 10.50 12.00
10781	Baton Rouge 1.00 41.64 200.00
10785	Burlington 2.00 55.56 144.00
10821	Baltimore 1.00 30.64 475.00
10849	Bozeman 1.00 53.73 214.00
11003	Cedar Rapids/Iowa City 3.00 44.89 206.00
11013	Sault Ste. Marie 3.00 45.67 123.00
11041	Carlsbad 1.00 12.00 24.00
11049	College Station/Bryan 1.00 16.36 40.00
11057	Charlotte 1.00 25.71 263.00
11067	Champaign/Urbana 1.00 41.00 129.00
11097	Cody 1.00 9.33 25.00
11109	Colorado Springs 3.00 45.05 224.00
11111	Columbia 3.00 117.50 380.00
11193	Cincinnati 1.00 32.06 179.00
11203	Mosinee 2.00 50.17 150.00
11259	Dallas 1.00 27.53 278.00
11267	Dayton 2.00 29.45 218.00
11315	Dickinson 5.00 55.25 175.00
11337	Duluth 2.00 69.00 177.00
11413	Durango 4.00 34.29 122.00
11423	Des Moines 1.00 34.45 167.00
11433	Detroit 1.00 34.87 514.00
11447	Devils Lake 13.00 63.50 114.00
11471	Eau Claire 3.00 110.75 264.00
11481	Panama City 2.00 12.25 31.00
11503	Eagle 1.00 42.67 124.00
11525	Elko 10.00 26.67 59.00
11537	Elmira/Corning 1.00 31.78 64.00
11577	Erie 3.00 23.20 70.00
11587	Escanaba 35.00 140.00 245.00
11603	Eugene 3.00 24.74 94.00
11637	Fargo 1.00 28.48 127.00
11641	Fayetteville 4.00 16.00 41.00
11695	Flagstaff 3.00 47.00 112.00
11697	Fort Lauderdale 1.00 32.90 269.00
11721	Flint 1.00 46.14 171.00
11775	Sioux Falls 1.00 42.28 165.00
11823	Fort Wayne 7.00 38.45 129.00
11865	Gillette 8.00 30.20 56.00
11867	Garden City 22.00 22.00 22.00
11905	Longview 12.00 48.67 92.00
11921	Grand Junction 1.00 12.75 39.00
11953	Gainesville 2.00 16.30 86.00
11973	Gulfport/Biloxi 2.00 33.42 113.00
11977	Green Bay 1.00 25.70 113.00
11995	Greensboro/High Point 1.00 35.29 307.00
12003	Great Falls 1.00 25.50 89.00
12007	Columbus 11.00 26.50 42.00
12129	Hibbing 1.00 22.25 51.00
12173	Honolulu 1.00 25.00 1013.00
12177	Hobbs 2.00 26.67 73.00
12191	Houston 1.00 25.88 171.00
12197	White Plains 1.00 40.89 233.00
12217	Huntsville 1.00 46.45 159.00
12255	Hays 13.00 14.00 15.00
12265	Niagara Falls 26.00 32.00 38.00
12323	Wilmington 95.00 95.00 95.00
12335	Iron Mountain/Kingsfd 69.00 91.50 114.00
12339	Indianapolis 1.00 30.11 262.00
12343	International Falls 33.00 33.00 33.00
12389	Williston 2.00 30.00 89.00
12391	Islip 1.00 42.07 240.00
12441	Jackson 1.00 39.35 320.00
12451	Jacksonville 1.00 31.74 142.00
12511	Joplin 12.00 30.33 47.00
12519	Jamestown 5.00 55.00 104.00
12523	Juneau 1.00 12.60 51.00
12819	Ketchikan 4.00 18.10 43.00
12889	Las Vegas 1.00 29.98 251.00
12891	Lawton/Fort Sill 10.00 28.20 45.00
12915	Lake Charles 7.00 18.00 43.00
12945	Lexington 1.00 28.79 136.00
12951	Lafayette 1.00 25.14 92.00
12953	New York 1.00 39.11 331.00
13029	Lincoln 1.00 37.00 123.00
13061	Laredo 2.00 33.70 172.00
13241	Meridian 11.00 89.67 246.00
13277	Montgomery 3.00 27.67 60.00
13303	Miami 1.00 30.81 237.00
13367	Moline 1.00 46.75 205.00
13377	Monroe 7.00 54.36 161.00
13433	Minot 2.00 21.43 61.00
13459	Marquette 175.00 175.00 175.00
13485	Madison 2.00 47.19 251.00
13487	Minneapolis 1.00 29.31 371.00
13495	New Orleans 1.00 27.72 199.00
13577	Myrtle Beach 6.00 36.11 104.00
13795	Jacksonville/Camp Lejeune 2.00 12.20 33.00
13851	Oklahoma City 1.00 34.49 150.00
13871	Omaha 1.00 27.48 140.00
13873	Nome 8.00 11.00 14.00
13891	Ontario 1.00 22.78 97.00
13931	Norfolk 1.00 29.50 166.00
14025	Plattsburgh 9.00 18.00 32.00
14027	West Palm Beach/Palm Beach 1.00 31.37 141.00
14057	Portland 1.00 27.46 185.00
14107	Phoenix 1.00 30.25 498.00
14109	Hattiesburg/Laurel 14.00 14.00 14.00
14113	Pocatello 2.00 3.33 5.00
14193	Pensacola 1.00 25.57 176.00
14307	Providence 1.00 24.60 95.00
14321	Portland 1.00 25.78 97.00
14457	Rapid City 2.00 36.14 108.00
14487	Redding 3.00 47.50 134.00
14489	Bend/Redmond 2.00 35.60 131.00
14543	Rock Springs 4.00 51.33 138.00
14633	Rochester 1.00 38.10 179.00
14635	Fort Myers 1.00 38.02 484.00
14679	San Diego 1.00 21.14 267.00
14683	San Antonio 1.00 33.53 391.00
14685	Savannah 3.00 32.29 201.00
14689	Santa Barbara 1.00 33.11 152.00
14709	Deadhorse 3.00 8.67 12.00
14711	State College 3.00 17.25 33.00
14747	Seattle 1.00 32.30 531.00
14771	San Francisco 1.00 44.22 556.00
14783	Springfield 3.00 54.59 223.00
14831	San Jose 1.00 27.42 206.00
14843	San Juan 1.00 32.09 209.00
14869	Salt Lake City 1.00 27.51 475.00
14893	Sacramento 1.00 26.52 135.00
14905	Santa Maria 22.00 22.00 22.00
15027	Christiansted 4.00 8.00 12.00
15041	Sun Valley/Hailey/Ketchum 13.00 24.50 33.00
15249	Tallahassee 1.00 17.00 55.00
15295	Toledo 4.00 22.60 40.00
15323	Bristol/Johnson City/Kingsport 1.00 36.25 78.00
15389	Twin Falls 1.00 12.00 32.00
15401	Texarkana 12.00 12.00 12.00
15411	Tyler 4.00 50.20 149.00
15607	Valdosta 20.00 35.00 50.00
15841	Wrangell 31.00 31.00 31.00
15919	Fayetteville 1.00 32.89 119.00
15991	Yakutat 3.00 21.33 41.00
