10136	Abilene 1.00 20.60 76.00
10140	Albuquerque 1.00 19.84 126.00
10146	Albany 12.00 19.40 34.00
10158	Atlantic City 2.00 54.29 147.00
10170	Kodiak 54.00 65.00 76.00
10208	Augusta 1.00 43.83 246.00
10268	Waterloo 2.00 78.80 223.00
10372	Aspen 5.00 37.74 136.00
10408	Appleton 3.00 60.29 146.00
10434	Scranton/Wilkes-Barre 1.00 11.75 20.00
10620	Billings 5.00 29.25 58.00
10666	Bellingham 3.00 11.50 20.00
10728	Beaumont/Port Arthur 14.00 23.50 36.00
10732	Aguadilla 3.00 27.40 109.00
10754	Barrow 2.00 58.29 306.00
10792	Buffalo 1.00 23.55 128.00
10800	Burbank 1.00 28.34 192.00
10868	Columbia 1.00 29.64 119.00
10874	Akron 1.00 19.76 83.00
10918	Cedar City 1.00 8.00 15.00
10926	Cordova 1.00 76.00 151.00
10930	Crescent City 20.00 68.00 138.00
10980	Chattanooga 2.00 29.38 124.00
10990	Charlottesville 2.00 80.00 173.00
10994	Charleston 1.00 21.06 198.00
11042	Cleveland 1.00 39.29 326.00
11066	Columbus 1.00 40.43 315.00
11076	Hancock/Houghton 2.00 32.20 69.00
11122	Casper 2.00 32.75 98.00
11140	Corpus Christi 3.00 21.43 89.00
11146	Charleston/Dunbar 1.00 10.25 20.00
11150	Columbus 19.00 39.75 63.00
11252	Daytona Beach 2.00 15.50 49.00
11274	Dubuque 9.00 33.50 83.00
11278	Washington 1.00 32.33 396.00
11292	Denver 1.00 36.52 420.00
11298	Dallas/Fort Worth 1.00 40.59 1201.00
11308	Dothan 12.00 55.50 91.00
11540	El Paso 1.00 24.24 140.00
11612	Evansville 1.00 34.00 101.00
11618	Newark 1.00 39.28 557.00
11624	Key West 3.00 3.00 3.00
11630	Fairbanks 2.00 19.00 38.00
11638	Fresno 1.00 24.24 82.00
11648	Kalispell 4.00 26.38 77.00
11778	Fort Smith 4.00 19.38 93.00
11884	Spokane 1.00 25.58 117.00
11898	Grand Forks 2.00 4.50 7.00
11980	Grand Island 5.00 14.75 38.00
11982	Killeen 1.00 23.32 148.00
11986	Grand Rapids 2.00 41.21 313.00
11996	Greer 3.00 42.52 149.00
12012	Gunnison 42.00 98.00 154.00
12016	Guam 4.00 13.00 22.00
12094	Hayden 2.00 17.67 48.00
12156	Helena 6.00 17.00 28.00
12206	Harlingen/San Benito 2.00 23.11 53.00
12264	Washington 1.00 28.01 256.00
12266	Houston 1.00 33.58 464.00
12278	Wichita 1.00 51.63 186.00
12280	Idaho Falls 3.00 49.13 103.00
12320	Wilmington 5.00 5.00 5.00
12402	Hilo 1.00 8.71 44.00
12448	Jackson/Vicksburg 1.00 25.07 97.00
12478	New York 1.00 37.67 395.00
12758	Kona 1.00 19.64 148.00
12884	Lansing 9.00 27.57 47.00
12888	Laramie 49.00 105.00 161.00
12892	Los Angeles 1.00 31.75 462.00
12896	Lubbock 2.00 23.85 81.00
12898	Latrobe 2.00 31.25 94.00
12954	Long Beach 1.00 33.14 121.00
12982	Lihue 1.00 20.83 195.00
12992	Little Rock 1.00 36.53 205.00
13076	La Crosse 8.00 41.86 68.00
13158	Midland/Odessa 1.00 28.04 153.00
13184	Saginaw/Bay City/Midland 6.00 33.30 81.00
13198	Kansas City 1.00 28.77 236.00
13204	Orlando 1.00 32.02 306.00
13230	Harrisburg 1.00 38.27 124.00
13232	Chicago 1.00 25.73 206.00
13244	Memphis 1.00 33.98 188.00
13256	Mission/McAllen/Edinburg 1.00 38.17 142.00
13264	Medford 3.00 28.50 84.00
13290	Manhattan/Ft. Riley 2.00 30.67 111.00
13296	Manchester 1.00 30.36 110.00
13342	Milwaukee 1.00 21.64 215.00
13344	Muskegon 14.00 47.50 81.00
13360	Melbourne 3.00 6.00 9.00
13388	Mammoth Lakes 27.00 27.00 27.00
13422	Mobile 5.00 35.55 100.00
13476	Monterey 2.00 37.06 186.00
13486	Missoula 4.00 6.00 7.00
13502	Montrose/Delta 2.00 32.09 137.00
13796	Oakland 1.00 29.66 176.00
13830	Kahului 1.00 23.69 272.00
13930	Chicago 1.00 44.91 529.00
13964	North Bend/Coos Bay 30.00 30.00 30.00
14006	Paducah 15.00 15.00 15.00
14098	Newport News/Williamsburg 7.00 10.57 16.00
14100	Philadelphia 1.00 31.67 336.00
14108	Peoria 2.00 49.72 217.00
14122	Pittsburgh 1.00 30.02 368.00
14150	Pellston 5.00 5.00 5.00
14252	Pasco/Kennewick/Richland 2.00 45.78 115.00
14256	Petersburg 3.00 8.67 19.00
14262	Palm Springs 1.00 24.67 170.00
14288	Pueblo 4.00 26.00 59.00
14492	Raleigh/Durham 1.00 28.63 165.00
14520	Rhinelander 7.00 21.67 49.00
14524	Richmond 1.00 27.84 175.00
14570	Reno 1.00 24.40 149.00
14574	Roanoke 4.00 36.50 109.00
14576	Rochester 1.00 33.15 163.00
14588	Roswell 2.00 6.00 10.00
14674	Santa Fe 3.00 16.25 36.00
14696	South Bend 1.00 63.63 245.00
14698	San Luis Obispo 1.00 25.00 123.00
14730	Louisville 1.00 21.78 113.00
14794	St. George 3.00 11.75 27.00
14814	Shreveport 1.00 23.76 63.00
14828	Sitka 3.00 23.80 81.00
14842	San Angelo 2.00 15.33 35.00
14908	Santa Ana 1.00 17.71 127.00
14952	Springfield 1.00 28.50 51.00
14960	Wichita Falls 1.00 61.00 200.00
14986	Sarasota/Bradenton 1.00 35.75 178.00
15008	St. Cloud 1.00 38.50 76.00
15016	St. Louis 1.00 32.38 383.00
15024	Charlotte Amalie 1.00 41.47 167.00
15048	Sioux City 18.00 18.00 18.00
15070	Newburgh/Poughkeepsie 7.00 79.00 189.00
15096	Syracuse 4.00 40.47 110.00
15304	Tampa 1.00 35.46 513.00
15356	Trenton 1.00 32.17 112.00
15370	Tulsa 1.00 29.63 140.00
15376	Tucson 1.00 30.10 167.00
15380	Traverse City 6.00 98.50 223.00
15412	Knoxville 2.00 37.72 239.00
15582	Vernal 3.00 9.67 19.00
15624	Valparaiso 1.00 18.18 79.00
16218	Yuma 1.00 11.25 24.00
